47 32
0 12
0 57
0 102
0 148
0 193
0 242
0 360
0 383
0 397
25 27
25 53
25 96
25 122
25 138
25 151
25 180
25 208
25 357
25 398
25 360
60 55
60 105
106 111
106 114
106 154
106 194
106 236
106 320
106 436
113 72
113 273
113 303
113 362
113 390
127 57
127 130
137 254
196 91
196 160
196 234
240 40
240 138
240 192
240 274
240 308
240 371
245 425
0 62 19.84
0 186 19.84
0 294 29.44
0 386 29.44
53 432 54.17777778
53 248 21.2
53 0 55.12
106 194 22.4
106 391 17.17333333
106 300 16.8
106 31 12.4
106 84 8.213333333
147 432 84.33333333
147 251 21.46666667
147 0 69
147 136 14.56
147 58 11.6
196 212 20.04444444
196 116 10.26666667
196 20 9.475555556
196 154 6.8
196 79 7.395555556
196 52 5.084444444
226 432 19.55555556
226 252 6.4
226 172 6.4
226 96 6.4
226 44 6.4
226 0 17.92
242 381 28.19555556
242 286 15.71555556
242 225 10.08
