3 18 2
1 7 2
5 3 1
1 9 1
3 6 2
3 18 2
1 6 1
3 17 1
1 7 2
5 3 1
5 10 2
1 9 1
3 3 2
1 15 1
3 6 2
5 7 2
1 6 1
3 18 2
3 13 3
3 7 3
3 17 1
5 9 1
1 1 2
3 10 3
1 16 2
5 3 1
1 7 2
3 16 3
3 2 1
5 10 2
5 7 2
3 18 2
3 14 2
1 12 1
3 8 2
3 3 2
5 1 2
1 9 1
1 6 1
3 6 2
1 15 1
1 3 1
3 4 3
5 9 1
3 7 3
5 11 1
3 16 3
3 10 3
3 12 1
5 12 1
3 17 1
3 13 3
1 1 2
5 3 1
1 7 2
5 13 2
1 16 2
5 12 1
3 2 1
1 13 2
3 3 2
1 6 1
5 7 2
1 15 1
3 14 2
5 13 2
3 6 2
1 12 1
1 18 1
3 18 2
5 10 2
3 8 2
1 9 1
5 1 2
1 11 1
1 3 1
3 9 1
3 7 3
5 9 1
5 3 1
3 1 3
1 10 2
5 12 1
3 17 1
3 13 3
3 1 3
3 16 3
3 12 1
3 4 3
1 7 2
5 18 1
1 13 2
5 6 1
3 2 1
5 11 1
1 16 2
1 1 2
3 10 3
1 12 1
1 18 1
1 11 1
3 18 2
1 9 1
5 10 2
1 3 1
5 18 1
1 6 1
1 15 1
3 14 2
3 8 2
5 1 2
3 6 2
3 3 2
5 7 2
5 13 2
1 7 2
3 4 3
5 3 1
5 18 1
1 16 2
3 1 3
1 13 2
3 2 1
3 17 1
1 1 2
5 12 1
3 16 3
1 12 1
5 6 1
3 5 1
3 12 1
3 10 3
5 11 1
3 9 1
3 13 3
5 15 1
1 10 2
3 7 3
5 9 1
1 12 1
5 1 2
1 6 1
3 2 1
5 7 2
3 18 2
3 6 2
1 15 1
1 3 1
3 14 2
5 13 2
1 11 1
1 9 1
1 18 1
3 8 2
3 3 2
5 10 2
5 9 1
3 4 3
1 10 2
5 12 1
3 2 1
3 12 1
3 5 1
1 16 2
1 13 2
3 13 3
3 9 1
5 18 1
3 7 3
5 15 1
3 16 3
5 9 1
1 7 2
5 6 1
3 10 3
3 1 3
3 1 3
5 3 1
1 1 2
3 17 1
5 11 1
3 14 2
1 18 1
3 18 2
1 15 1
3 8 2
5 1 2
1 6 1
1 11 1
5 10 2
1 12 1
1 18 1
5 7 2
1 3 1
5 13 2
1 9 1
3 3 2
3 6 2
3 1 3
3 16 3
5 9 1
3 5 1
1 3 1
3 1 3
3 10 3
3 13 3
3 9 1
1 9 1
3 12 1
1 7 2
3 17 1
1 1 2
5 6 1
5 12 1
3 7 3
1 13 2
1 16 2
5 18 1
5 15 1
5 3 1
3 2 1
1 10 2
5 11 1
3 4 3
3 8 2
3 14 2
5 1 2
1 18 1
5 10 2
1 11 1
1 13 2
1 15 1
5 13 2
5 7 2
3 18 2
3 3 2
1 6 1
1 10 2
1 12 1
3 17 1
1 9 1
1 3 1
3 6 2
5 9 1
3 7 3
3 13 3
1 10 2
3 10 3
3 12 1
5 15 1
1 13 2
5 12 1
3 9 1
3 4 3
5 9 1
5 3 1
3 1 3
5 18 1
3 16 3
5 6 1
3 17 1
3 2 1
5 11 1
1 1 2
3 5 1
1 16 2
1 7 2
3 6 2
1 18 1
1 12 1
1 6 1
3 5 1
1 3 1
5 1 2
5 13 2
1 9 1
3 3 2
3 18 2
3 14 2
3 8 2
5 7 2
5 10 2
1 11 1
1 15 1
5 6 1
3 4 3
1 16 2
3 13 3
3 2 1
1 10 2
1 13 2
3 10 3
1 7 2
3 12 1
5 3 1
5 18 1
3 9 1
5 15 1
1 1 2
3 17 1
3 5 1
3 7 3
3 12 1
5 12 1
3 16 3
3 1 3
5 9 1
5 11 1
1 6 1
3 14 2
3 3 2
5 1 2
1 11 1
5 7 2
1 18 1
3 8 2
3 6 2
3 18 2
1 15 1
5 10 2
1 3 1
5 13 2
1 12 1
1 9 1
5 9 1
5 18 1
5 15 1
1 7 2
3 2 1
5 12 1
3 5 1
5 11 1
3 10 3
5 3 1
3 7 3
1 13 2
5 15 1
3 12 1
1 16 2
3 9 1
3 1 3
3 4 3
3 16 3
3 17 1
3 13 3
5 6 1
1 10 2
1 1 2
1 18 1
3 3 2
3 14 2
1 18 1
1 12 1
1 11 1
1 9 1
5 7 2
5 1 2
3 8 2
1 12 1
3 18 2
5 13 2
1 6 1
1 15 1
5 10 2
3 6 2
1 3 1
5 3 1
3 1 3
5 12 1
3 13 3
3 17 1
1 7 2
1 1 2
5 15 1
5 13 2
3 7 3
5 11 1
3 16 3
5 18 1
5 6 1
3 2 1
3 9 1
1 13 2
3 12 1
3 4 3
5 15 1
3 10 3
1 16 2
3 5 1
1 10 2
5 9 1
3 8 2
3 13 3
5 7 2
1 6 1
3 18 2
3 8 2
1 9 1
1 15 1
1 11 1
3 6 2
3 14 2
5 13 2
1 3 1
1 18 1
1 12 1
3 3 2
5 10 2
5 1 2
3 1 3
3 17 1
5 12 1
1 1 2
3 10 3
1 7 2
5 18 1
5 15 1
3 12 1
3 2 1
3 7 3
3 4 3
3 5 1
1 13 2
3 16 3
5 3 1
1 16 2
5 11 1
5 6 1
3 9 1
1 10 2
3 13 3
5 9 1
5 13 2
3 3 2
1 18 1
1 3 1
1 11 1
1 6 1
1 9 1
3 8 2
3 18 2
3 3 2
3 14 2
1 15 1
1 12 1
5 10 2
3 6 2
5 7 2
5 1 2
3 4 3
3 9 1
5 18 1
5 12 1
3 12 1
3 7 3
1 13 2
3 16 3
1 1 2
1 7 2
5 9 1
3 5 1
5 15 1
5 3 1
3 10 3
3 17 1
1 10 2
1 16 2
3 1 3
3 2 1
5 6 1
5 12 1
5 11 1
3 13 3
5 13 2
5 1 2
5 7 2
5 10 2
1 9 1
1 12 1
3 14 2
5 1 2
1 11 1
3 6 2
3 18 2
1 6 1
1 3 1
3 3 2
5 18 1
1 15 1
3 8 2
1 18 1
1 10 2
1 16 2
5 6 1
3 9 1
1 1 2
3 12 1
3 13 3
3 16 3
3 10 3
1 7 2
3 4 3
5 18 1
3 7 3
1 13 2
3 17 1
3 5 1
5 11 1
5 3 1
3 2 1
5 12 1
5 15 1
5 9 1
3 1 3
3 18 2
5 13 2
1 6 1
1 9 1
5 1 2
3 6 2
1 18 1
1 12 1
3 3 2
3 14 2
3 8 2
5 10 2
1 3 1
5 7 2
1 15 1
1 11 1
5 18 1
3 10 3
1 1 2
3 5 1
1 13 2
5 9 1
3 2 1
3 4 3
5 3 1
5 6 1
3 1 3
5 15 1
3 13 3
1 7 2
3 7 3
3 16 3
3 12 1
5 11 1
1 10 2
3 9 1
5 12 1
3 17 1
1 16 2
5 10 2
5 1 2
3 18 2
3 6 2
1 3 1
1 12 1
1 11 1
1 18 1
3 14 2
1 6 1
5 7 2
1 9 1
5 13 2
5 6 1
1 15 1
3 8 2
3 3 2
3 17 1
3 4 3
5 3 1
3 5 1
1 1 2
5 13 2
3 16 3
1 13 2
3 13 3
3 7 3
1 16 2
5 12 1
1 10 2
3 9 1
1 7 2
5 15 1
5 18 1
3 1 3
3 12 1
5 6 1
3 2 1
5 11 1
3 10 3
5 9 1
1 9 1
3 8 2
1 3 1
1 12 1
3 18 2
3 3 2
5 10 2
5 13 2
5 1 2
3 14 2
1 18 1
3 6 2
1 6 1
5 7 2
1 15 1
1 11 1
3 16 3
3 7 3
5 9 1
5 3 1
5 15 1
3 2 1
1 10 2
3 4 3
5 18 1
3 10 3
3 12 1
1 13 2
1 10 2
5 7 2
3 9 1
3 17 1
3 1 3
3 5 1
5 12 1
3 13 3
1 7 2
5 6 1
1 11 1
1 1 2
1 16 2
5 11 1
3 14 2
1 12 1
3 8 2
1 11 1
3 3 2
3 18 2
1 15 1
3 6 2
1 18 1
5 1 2
1 3 1
5 13 2
1 9 1
5 10 2
5 7 2
1 6 1
1 16 2
3 5 1
1 10 2
5 6 1
3 13 3
5 9 1
3 17 1
3 7 3
3 1 3
3 2 1
5 3 1
5 18 1
3 10 3
5 12 1
3 9 1
3 4 3
3 5 1
1 13 2
1 7 2
1 1 2
5 15 1
5 11 1
3 12 1
3 16 3
3 14 2
5 7 2
1 12 1
5 10 2
3 5 1
3 8 2
1 6 1
3 3 2
5 13 2
3 6 2
1 15 1
1 3 1
1 9 1
1 18 1
5 1 2
1 11 1
3 18 2
5 3 1
5 18 1
3 17 1
3 10 3
3 14 2
3 7 3
3 13 3
1 1 2
3 16 3
3 9 1
5 11 1
1 13 2
1 10 2
1 7 2
5 9 1
1 16 2
5 15 1
3 1 3
5 6 1
3 2 1
3 12 1
3 4 3
5 12 1
3 5 1
3 4 3
1 9 1
1 11 1
3 3 2
1 12 1
1 18 1
3 6 2
1 6 1
5 10 2
1 3 1
5 7 2
5 13 2
3 18 2
5 1 2
3 14 2
3 8 2
1 15 1
3 5 1
3 17 1
1 10 2
5 18 1
5 12 1
5 9 1
5 15 1
3 16 3
1 13 2
3 2 1
3 9 1
3 7 3
1 7 2
5 6 1
5 11 1
1 1 2
1 16 2
3 13 3
3 1 3
5 3 1
3 12 1
3 4 3
3 10 3
3 18 2
1 12 1
5 15 1
5 1 2
3 6 2
1 6 1
1 11 1
5 10 2
5 13 2
3 3 2
3 14 2
1 18 1
5 18 1
5 7 2
3 8 2
1 9 1
1 3 1
1 15 1
1 10 2
1 1 2
5 11 1
5 3 1
3 10 3
3 9 1
3 13 3
3 5 1
5 9 1
3 17 1
5 6 1
5 11 1
5 15 1
5 12 1
1 16 2
3 16 3
1 7 2
5 18 1
3 4 3
3 12 1
3 2 1
1 13 2
3 1 3
3 7 3
1 15 1
5 10 2
1 18 1
1 9 1
3 14 2
1 12 1
3 3 2
1 3 1
3 8 2
1 11 1
5 13 2
5 1 2
3 18 2
5 7 2
3 6 2
5 6 1
1 6 1
3 14 2
3 9 1
3 17 1
3 16 3
5 11 1
1 16 2
5 3 1
3 5 1
3 1 3
3 10 3
1 10 2
1 13 2
5 18 1
3 4 3
3 2 1
3 13 3
3 12 1
5 6 1
1 7 2
1 1 2
5 9 1
5 12 1
5 15 1
3 7 3
5 10 2
3 6 2
5 1 2
3 8 2
5 1 2
1 18 1
1 6 1
1 3 1
5 7 2
3 14 2
5 13 2
1 11 1
1 9 1
3 18 2
1 15 1
3 3 2
5 1 2
1 12 1
5 3 1
5 11 1
1 13 2
1 16 2
1 15 1
3 16 3
3 17 1
5 15 1
5 6 1
5 18 1
3 9 1
1 10 2
3 7 3
5 11 1
3 1 3
3 2 1
5 6 1
1 7 2
3 4 3
5 12 1
3 10 3
1 1 2
3 13 3
3 12 1
5 9 1
1 1 2
3 5 1
5 1 2
1 6 1
1 9 1
5 10 2
1 18 1
3 8 2
1 3 1
3 3 2
3 18 2
1 11 1
5 7 2
3 14 2
5 13 2
3 5 1
3 8 2
3 6 2
1 15 1
1 12 1
3 5 1
1 10 2
3 10 3
3 7 3
3 9 1
3 13 3
5 12 1
5 3 1
1 13 2
5 9 1
1 15 1
3 1 3
3 2 1
3 17 1
3 10 3
1 1 2
5 15 1
1 7 2
5 6 1
5 18 1
3 12 1
1 16 2
3 16 3
3 4 3
5 11 1
1 11 1
3 6 2
5 7 2
5 1 2
1 12 1
1 18 1
5 10 2
5 13 2
3 18 2
1 6 1
1 3 1
1 15 1
3 14 2
1 9 1
3 3 2
3 8 2
5 18 1
3 5 1
3 9 1
5 6 1
3 10 3
3 13 3
3 7 3
5 9 1
1 16 2
3 4 3
3 2 1
3 17 1
1 1 2
1 13 2
3 16 3
1 10 2
3 12 1
5 12 1
3 1 3
5 11 1
1 7 2
5 3 1
5 15 1
5 10 2
5 7 2
1 11 1
1 3 1
1 12 1
3 10 3
3 18 2
1 9 1
3 3 2
5 13 2
1 6 1
3 14 2
3 8 2
1 18 1
5 1 2
3 8 2
3 6 2
1 15 1
3 16 3
1 1 2
5 9 1
1 13 2
3 9 1
1 13 2
1 16 2
5 11 1
5 6 1
1 7 2
3 1 3
3 10 3
5 3 1
5 12 1
3 7 3
3 4 3
3 2 1
3 12 1
3 13 3
5 18 1
3 17 1
5 15 1
3 5 1
1 10 2
1 6 1
1 18 1
1 15 1
5 1 2
1 12 1
3 8 2
3 6 2
5 13 2
3 3 2
5 7 2
1 11 1
1 9 1
3 14 2
1 3 1
5 10 2
3 18 2
1 1 2
1 13 2
5 12 1
3 12 1
5 3 1
3 10 3
5 9 1
3 13 3
3 5 1
1 16 2
1 3 1
3 4 3
3 16 3
5 6 1
3 16 3
1 13 2
5 11 1
3 2 1
1 7 2
3 9 1
5 18 1
3 1 3
3 7 3
5 15 1
3 17 1
1 10 2
1 12 1
3 8 2
1 6 1
1 15 1
3 14 2
1 18 1
1 3 1
3 9 1
3 6 2
1 9 1
3 18 2
5 10 2
1 11 1
5 10 2
5 13 2
5 7 2
5 1 2
3 3 2
3 10 3
1 13 2
3 1 3
3 5 1
3 4 3
3 13 3
3 9 1
1 10 2
5 15 1
5 3 1
3 17 1
1 7 2
5 11 1
5 9 1
5 18 1
3 7 3
1 18 1
3 16 3
1 1 2
5 12 1
3 2 1
5 6 1
1 16 2
3 12 1
3 2 1
1 9 1
1 3 1
1 12 1
5 1 2
3 14 2
3 6 2
3 18 2
3 3 2
1 6 1
5 10 2
3 8 2
5 7 2
1 15 1
1 18 1
1 11 1
5 13 2
5 12 1
1 10 2
3 10 3
3 13 3
3 12 1
1 7 2
5 18 1
3 7 3
1 16 2
3 1 3
5 11 1
5 3 1
5 15 1
1 1 2
5 6 1
5 9 1
3 17 1
3 16 3
3 2 1
3 5 1
1 13 2
3 9 1
3 4 3
3 18 2
1 3 1
5 7 2
3 6 2
3 14 2
5 10 2
1 18 1
3 4 3
1 6 1
5 1 2
1 9 1
1 11 1
5 13 2
3 8 2
1 12 1
3 3 2
1 15 1
1 7 2
5 9 1
1 1 2
5 15 1
5 11 1
3 5 1
3 10 3
5 12 1
3 7 3
3 17 1
3 13 3
3 16 3
5 6 1
3 1 3
5 18 1
1 13 2
5 3 1
3 9 1
3 12 1
1 10 2
1 16 2
3 2 1
3 4 3
1 3 1
5 13 2
1 12 1
3 8 2
1 6 1
1 10 2
5 10 2
1 15 1
3 18 2
3 3 2
1 11 1
5 7 2
1 9 1
3 14 2
1 18 1
3 6 2
5 1 2
3 4 3
3 2 1
3 13 3
1 10 2
1 1 2
3 12 1
5 3 1
5 18 1
1 13 2
5 6 1
5 9 1
3 17 1
3 9 1
3 10 3
1 16 2
1 7 2
5 12 1
3 7 3
5 15 1
3 16 3
3 5 1
5 11 1
3 1 3
5 13 2
5 7 2
1 6 1
3 8 2
5 10 2
3 14 2
1 9 1
1 3 1
1 12 1
5 1 2
1 18 1
3 6 2
1 11 1
3 3 2
1 15 1
3 18 2
5 18 1
1 10 2
1 13 2
3 5 1
5 9 1
5 12 1
3 10 3
3 12 1
5 3 1
3 17 1
5 6 1
3 9 1
5 18 1
3 2 1
3 12 1
3 16 3
3 7 3
3 13 3
5 11 1
3 1 3
1 1 2
5 15 1
3 4 3
1 7 2
1 16 2
1 11 1
3 14 2
1 12 1
3 18 2
3 6 2
1 6 1
3 3 2
3 14 2
5 7 2
1 15 1
5 1 2
5 10 2
1 18 1
1 3 1
3 8 2
5 13 2
1 9 1
3 2 1
3 16 3
1 1 2
5 3 1
3 5 1
3 1 3
5 11 1
5 9 1
5 18 1
3 10 3
1 7 2
3 13 3
3 12 1
3 4 3
1 16 2
1 10 2
1 13 2
3 9 1
3 9 1
3 7 3
5 6 1
5 12 1
3 17 1
5 15 1
3 4 3
1 15 1
3 18 2
3 7 3
1 3 1
5 13 2
3 6 2
1 6 1
1 12 1
1 18 1
1 9 1
5 7 2
3 8 2
1 11 1
3 3 2
5 10 2
3 14 2
5 1 2
3 16 3
3 10 3
1 10 2
1 7 2
3 2 1
3 13 3
3 5 1
5 15 1
3 9 1
3 17 1
5 11 1
5 6 1
5 3 1
5 12 1
1 16 2
3 12 1
3 1 3
5 9 1
1 13 2
3 7 3
1 1 2
3 4 3
5 18 1
1 9 1
5 1 2
3 7 3
1 3 1
5 7 2
3 3 2
3 6 2
1 6 1
3 8 2
1 18 1
3 18 2
5 13 2
3 14 2
1 11 1
1 12 1
5 10 2
1 15 1
3 1 3
5 9 1
5 12 1
1 16 2
1 13 2
5 11 1
1 7 2
3 17 1
3 9 1
5 15 1
3 2 1
3 16 3
3 12 1
3 4 3
1 10 2
3 5 1
5 18 1
1 1 2
3 10 3
5 3 1
3 13 3
3 7 3
3 5 1
5 6 1
1 9 1
3 14 2
5 10 2
3 6 2
1 6 1
1 15 1
5 7 2
5 1 2
1 18 1
5 13 2
3 8 2
3 3 2
3 18 2
1 3 1
1 12 1
1 11 1
1 7 2
3 10 3
3 12 1
3 17 1
5 3 1
3 7 3
3 13 3
3 5 1
1 13 2
5 15 1
3 2 1
3 16 3
5 6 1
1 1 2
5 18 1
5 11 1
3 1 3
1 16 2
1 10 2
5 9 1
3 4 3
3 9 1
5 12 1
1 3 1
3 18 2
3 14 2
1 15 1
1 9 1
1 18 1
5 7 2
1 6 1
3 3 2
3 8 2
5 13 2
1 12 1
3 3 2
3 6 2
1 11 1
5 1 2
5 10 2
1 12 1
5 15 1
3 13 3
3 4 3
5 3 1
1 10 2
5 11 1
3 1 3
5 12 1
1 7 2
5 6 1
1 1 2
3 2 1
3 7 3
3 9 1
3 10 3
3 17 1
3 16 3
1 13 2
5 9 1
3 12 1
3 5 1
5 18 1
1 1 2
1 16 2
1 11 1
3 6 2
1 6 1
1 18 1
1 3 1
3 3 2
5 10 2
1 9 1
5 13 2
3 6 2
3 18 2
1 15 1
1 12 1
5 7 2
5 1 2
3 8 2
3 14 2
1 7 2
3 5 1
5 15 1
3 7 3
3 4 3
5 12 1
1 13 2
5 3 1
3 1 3
5 18 1
3 17 1
3 13 3
5 9 1
3 10 3
5 11 1
1 16 2
1 1 2
1 10 2
3 2 1
5 6 1
3 9 1
3 12 1
5 15 1
3 16 3
5 13 2
3 18 2
5 7 2
1 18 1
1 9 1
1 11 1
3 14 2
3 12 1
1 3 1
5 10 2
3 3 2
1 15 1
1 12 1
5 1 2
3 8 2
1 6 1
1 11 1
3 6 2
3 16 3
3 10 3
5 6 1
3 9 1
5 18 1
1 13 2
3 4 3
3 12 1
1 6 1
1 16 2
1 1 2
5 11 1
3 13 3
3 1 3
5 12 1
3 9 1
5 3 1
3 17 1
3 5 1
5 9 1
3 2 1
1 7 2
5 15 1
1 10 2
3 7 3
1 15 1
3 8 2
3 14 2
5 13 2
3 6 2
1 11 1
1 18 1
5 1 2
1 12 1
5 7 2
1 6 1
3 3 2
1 3 1
5 10 2
5 13 2
3 18 2
1 9 1
5 9 1
3 1 3
3 5 1
5 3 1
3 4 3
3 7 3
1 1 2
5 11 1
1 13 2
3 16 3
3 2 1
1 10 2
3 10 3
5 18 1
1 16 2
5 12 1
3 12 1
3 13 3
3 17 1
1 7 2
5 6 1
5 15 1
3 9 1
3 8 2
5 13 2
1 3 1
3 18 2
1 6 1
1 15 1
3 14 2
1 9 1
1 12 1
5 1 2
5 10 2
3 6 2
1 18 1
1 11 1
5 7 2
3 3 2
1 7 2
3 16 3
5 9 1
1 1 2
3 4 3
3 5 1
3 2 1
3 7 3
5 11 1
1 10 2
1 16 2
1 13 2
5 15 1
3 17 1
3 9 1
3 12 1
5 6 1
5 12 1
3 1 3
3 10 3
1 10 2
5 15 1
5 3 1
3 13 3
5 18 1
5 7 2
3 6 2
5 1 2
5 10 2
3 3 2
3 18 2
3 8 2
1 18 1
1 11 1
1 9 1
3 9 1
1 15 1
1 3 1
1 6 1
3 14 2
1 12 1
5 7 2
5 13 2
5 6 1
1 1 2
3 17 1
1 7 2
5 18 1
5 11 1
3 9 1
5 12 1
3 10 3
1 13 2
3 12 1
5 9 1
1 16 2
1 10 2
3 4 3
5 3 1
3 7 3
3 1 3
3 13 3
3 2 1
3 16 3
3 5 1
5 15 1
1 3 1
3 18 2
1 9 1
1 6 1
5 1 2
1 18 1
3 3 2
3 6 2
1 15 1
3 14 2
1 11 1
3 8 2
5 7 2
1 12 1
5 13 2
1 3 1
5 10 2
5 11 1
3 2 1
3 5 1
5 18 1
3 16 3
5 12 1
5 9 1
3 10 3
3 9 1
1 1 2
3 1 3
5 3 1
3 16 3
1 16 2
3 13 3
3 13 3
5 6 1
5 15 1
3 7 3
3 12 1
1 10 2
1 7 2
1 13 2
3 17 1
3 4 3
1 12 1
1 6 1
1 3 1
5 11 1
3 18 2
5 1 2
5 7 2
3 6 2
5 10 2
1 18 1
1 11 1
5 13 2
3 14 2
1 15 1
3 3 2
5 12 1
3 8 2
1 9 1
5 12 1
3 13 3
3 4 3
3 9 1
1 1 2
3 17 1
5 9 1
1 16 2
5 15 1
3 16 3
1 13 2
1 16 2
3 7 3
1 7 2
1 10 2
1 18 1
3 10 3
3 12 1
3 2 1
3 1 3
5 11 1
5 6 1
3 5 1
5 3 1
5 18 1
3 8 2
1 11 1
1 9 1
1 12 1
5 1 2
3 18 2
3 6 2
1 6 1
3 14 2
1 15 1
3 3 2
1 3 1
5 13 2
5 7 2
5 10 2
1 18 1
1 10 2
3 17 1
3 7 3
3 10 3
5 18 1
5 6 1
1 11 1
3 16 3
3 9 1
3 13 3
5 15 1
5 12 1
1 13 2
3 12 1
1 7 2
3 1 3
3 5 1
5 9 1
3 2 1
3 4 3
5 3 1
1 1 2
1 16 2
5 11 1
1 11 1
3 3 2
1 12 1
5 7 2
5 13 2
1 3 1
5 1 2
3 6 2
3 8 2
3 14 2
5 10 2
3 18 2
1 9 1
5 6 1
1 15 1
1 6 1
1 18 1
5 3 1
3 7 3
3 4 3
1 13 2
5 6 1
5 12 1
3 1 3
3 2 1
3 13 3
5 9 1
3 5 1
3 10 3
5 10 2
1 1 2
3 16 3
3 1 3
1 10 2
5 15 1
1 16 2
3 17 1
5 11 1
5 18 1
3 12 1
1 7 2
3 9 1
1 18 1
3 14 2
3 8 2
1 11 1
5 7 2
1 11 1
5 10 2
3 3 2
1 15 1
1 12 1
1 6 1
1 9 1
1 3 1
3 6 2
5 13 2
3 18 2
5 1 2
5 11 1
3 17 1
5 15 1
3 12 1
3 13 3
3 2 1
1 7 2
1 13 2
1 10 2
3 1 3
1 16 2
3 4 3
1 1 2
3 5 1
3 7 3
5 6 1
3 16 3
5 9 1
3 10 3
5 12 1
5 18 1
5 3 1
3 9 1
1 6 1
3 18 2
1 15 1
1 3 1
5 10 2
1 18 1
3 14 2
3 8 2
5 1 2
1 12 1
3 6 2
1 9 1
1 11 1
5 7 2
5 13 2
3 3 2
3 10 3
5 12 1
5 18 1
5 6 1
1 16 2
3 17 1
3 16 3
3 5 1
1 7 2
1 1 2
3 2 1
3 13 3
3 4 3
1 10 2
5 3 1
5 9 1
1 13 2
1 16 2
3 7 3
3 9 1
5 15 1
5 11 1
3 1 3
3 12 1
1 9 1
1 6 1
1 3 1
5 13 2
1 18 1
5 10 2
1 12 1
3 6 2
5 1 2
5 7 2
1 11 1
3 14 2
3 3 2
3 8 2
3 18 2
1 15 1
3 7 3
1 10 2
3 1 3
3 17 1
3 4 3
3 12 1
3 9 1
3 2 1
5 9 1
1 1 2
5 11 1
5 3 1
5 15 1
5 6 1
1 7 2
3 13 3
1 13 2
3 16 3
1 16 2
3 10 3
5 18 1
3 5 1
5 12 1

