100 1 100 0.2
1 250 1 250 4 20
900
-0.2950297775531161 2.658497308683951 2.788145790770977
-0.47167218358152474 2.883464423437186 12.885100674050731
-0.4130128070964314 0.4776910811590037 19.177727715070045
-0.06793548576814312 1.4964669300000615 25.727826685981753
-0.09535434783210683 2.274258166150865 34.6925900324053
-0.23277127706241985 4.892605444142113 43.34278764331046
-0.17918810410139585 4.34509554307558 51.05966345013988
-0.06769383261173356 3.3915946109942503 61.29964525775867
-0.1403121587365148 2.1146754659893383 70.92479998801505
-0.5982887479735267 1.523247328249128 80.12335541218444
-0.3630222561540095 3.307830181185771 88.08027668708598
-0.7085259373377876 1.3954320561510056 94.5491590338702
-0.16093297963908126 3.4653774426729047 102.04813869891835
-0.5591904104902076 4.071429189902946 110.45187508323487
-0.9742533912460345 3.593836240750947 121.36744402659976
-0.791702498303574 0.8280050228890369 130.8052453538584
-0.6132759242987691 1.7660812689726064 136.63327992007817
-0.24847631094564981 0.6825216162555633 143.37628093117178
-0.4804222960418121 4.7957717824218795 152.59431113262085
-0.1852391695803769 3.75646301787649 164.3716487290407
-0.4399572615864683 0.6612205877954622 169.01325901672163
-0.8431379161558495 1.50431779678394 176.55160256917878
-0.3274142430179531 4.914027844644818 190.1496221763189
-0.03854380896142007 1.261502852866833 197.4935035651317
-0.8794686854649794 2.607451379726256 202.79768592503268
-0.1600075594763063 0.005661411524830751 214.0536207866289
-0.4796305222033006 5.337433933101031 222.00666106361524
-0.9358473546229824 5.300453044529041 226.839743406396
-0.5340408246523813 0.15190222612139542 235.3342155775382
-0.6154957609616666 0.5441966152466787 247.97982089396163
-0.6237612546248716 13.241657681651008 5.470039882028361
-0.5588011829576278 13.889854913728138 9.58440052292471
-0.9031359071159538 11.230074211238806 18.539023602169507
-0.6558527478165218 13.625671134479898 29.37695985536988
-0.9623200593958923 8.741119003449557 36.687659255831655
-0.2999879666650268 10.13573219769785 46.596037349240724
-0.24165148944368453 10.33796130091281 53.97568318113286
-0.5762033448418318 13.387912713219407 59.188025208211705
-0.7888438127145373 11.82454352396645 70.58268088693062
-0.07672476854575028 13.546247125357304 78.59826563151356
-0.6031950056614199 9.975923557730763 84.20149864253135
-0.4342906202492718 12.138378705747359 94.60469177217648
-0.9265433126128049 10.935544204328567 105.43214727485105
-0.9363527941890607 11.833638843911984 111.4198165385092
-0.08071657044005709 10.910776315920689 120.60950549126338
-0.6150620606328724 8.984111715467328 130.23821365985904
-0.3826464736250992 10.885594946618205 138.15284941711647
-0.4758991154573746 13.289415047213094 144.6465235043726
-0.464681723934406 10.963516777868117 154.19588056725235
-0.2812970088229596 10.242998035986929 160.48678034789236
-0.3345562724219403 9.484984414878026 171.83465974839896
-0.3110035223620802 12.927011092350588 178.80199342323803
-0.6283108307766497 11.401015527288115 186.6430048397794
-0.5280575496211912 10.020429144826123 198.19955776327748
-0.33423145656423336 10.339170835512556 202.05563624665172
-0.538138135758475 11.423964570545214 214.32916596503466
-0.010479947966054448 9.602646426257726 220.67263038518283
-0.027656016203471245 12.563448802885265 228.07386641403414
-0.331983401728449 8.924475373968846 239.62205946734977
-0.06343949422611095 9.072920739506575 245.14069633181072
-0.662187693189098 17.50233036034614 3.1898965079531516
-0.43506213822660855 21.416446062997863 11.346717489144531
-0.6074430381248069 22.388882422422654 19.47883349976175
-0.6404664668315264 21.939239009905858 29.116361976992547
-0.9382129924803269 20.242261864609123 34.54701942612048
-0.9705796371569576 18.814176441098137 46.31676534687391
-0.28827929388884355 19.186772414515513 55.67121014333305
-0.8546732352635859 18.052239334318287 61.54199110546229
-0.3328054029903438 16.83149013370291 67.20288322247917
-0.5589215437321113 18.44122289044124 76.20950708276712
-0.14999971478691398 20.57650160859814 89.23174930445654
-0.3112188427915854 19.50944613424387 96.61532131199603
-0.6424043969185175 22.11820251918498 105.25667738755698
-0.30049609721848936 17.693326688083634 110.57711638372064
-0.053573395454670325 19.36417422286465 118.03508193188992
-0.22212577220273566 21.565682137435694 126.98240895021803
-0.13720261200142259 20.565456091323668 139.0550781516987
-0.9738463585295264 20.649575815827536 143.87652951891707
-0.6532384437840092 19.40797931638804 152.29927556075205
-0.7164346450283384 21.936613125543655 161.41133838540728
-0.017333972980517864 19.98030468134392 171.81086783474683
-0.3918754287725905 18.05994519131011 181.69926869275227
-0.6908978681160791 19.683311236209406 187.14493575086246
-0.2428428417213605 17.342913361758235 197.6316188076006
-0.6099353618638692 17.98113049753431 206.8827542486659
-0.23090955874785046 16.87989044405691 214.49821026353797
-0.04794380788805663 19.686505743484844 221.11905465845183
-0.36445520454682956 20.584506010393195 230.0338143316679
-0.9707121343849412 18.57199031467877 238.73830116927007
-0.14067908758530756 20.54094502720039 246.48231526538183
-0.39894399626643173 27.21859770786158 2.094260444198553
-0.02355585925771775 30.087157157398423 10.908602667671685
-0.849286666526641 26.357129194030534 21.28279734417531
-0.1826550203371904 25.539510328311092 25.20574727232328
-0.02215541253850639 28.02913809710147 37.143896856913585
-0.7507157907532184 29.81665062722153 44.47949012851735
-0.8988652879756397 28.241410472705976 55.35701207627652
-0.1016778341649972 26.84653784451492 59.34636595895361
-0.6682628672687028 26.430268710473204 71.47555546472456
-0.8572841100556321 26.45550026210224 79.49919135473743
-0.9068664170609304 27.684030559520583 88.33520617671537
-0.07320259073538404 29.551733668285166 95.3309151826911
-0.7706063291756399 28.40462183805939 104.47029895459075
-0.6540362418431233 25.812347897968568 114.2730371403454
-0.34396467068926606 30.771988908651775 122.33644808762568
-0.16276957402843928 27.42655192581522 127.44897652038904
-0.3527426903483505 26.04185734373113 135.4580499380392
-0.8401790806323505 29.984646119434018 145.7826687598665
-0.2712542018985662 28.87600825634033 152.58566689377693
-0.4858387328264704 28.951459424941223 164.8770891585198
-0.1485245487302771 26.856107774811775 168.31152445861522
-0.7106469206239469 27.121539896136376 178.7553130351804
-0.9213858326228846 29.27368741308166 188.41763261160318
-0.5624699751746902 30.05300144937373 198.77216939734853
-0.8218188677244707 26.404543409682503 202.30907702413833
-0.3149642150458911 27.35848539588764 212.0099075509835
-0.6021540468437314 27.17622766328301 223.65371137843687
-0.989982803699373 26.817284220464785 231.09004330549797
-0.17740337830597852 30.325312504984737 238.15585282074238
-0.21581355435295146 28.20134024432847 248.174908005106
-0.1581184178826479 37.77545735332624 4.234242057924034
-0.42163281758499016 38.47759871558925 8.905537512706236
-0.7421845894107211 36.59799923842114 17.33621269885427
-0.2808238733479931 34.40728414042147 27.317843088896797
-0.49988929033650675 35.387737184575656 35.72500839390569
-0.23934807130236857 37.31510037861222 42.85262715450154
-0.25261430654152417 35.826813796930885 53.59326312764578
-0.8630700770489612 34.73393024310077 63.731878472794726
-0.4615194780357169 34.0606752600775 72.44797663015802
-0.6232551617911444 37.30641421198858 76.77027840173425
-0.3013417246900847 39.11957565999191 89.17703448155099
-0.4480193889863212 38.22442886839321 95.51829678611911
-0.839308181527148 36.9289034587832 101.21570122361508
-0.07378190812981411 34.1067121826204 111.38687535959573
-0.9294082877565556 34.2305264345399 118.47019280920443
-0.861025303681867 37.6072263863775 129.59122085569211
-0.6328049935028928 35.378080349107584 138.43066518544404
-0.6498505989550835 37.90441770423255 143.71746371744652
-0.5612563706706308 38.27222977466152 155.47628278028932
-0.027570615785894703 35.5999804606644 162.56256516274638
-0.22263430322699984 34.523819987941714 168.1367855420421
-0.4829341804050321 37.30710415280974 179.52053854412227
-0.221639741497627 35.94711943091292 188.66489587915018
-0.6799027265066704 34.582086883106484 198.0566814617316
-0.6149283291603197 34.04189250978755 205.8886846741532
-0.05769348554696163 38.919781599049585 212.5439612064579
-0.45484161692397396 33.80103233375639 222.56058394610167
-0.9277722345949716 33.87238400037459 227.67900394273227
-0.6395537185961148 35.82474329668749 238.86032114734934
-0.5742168896208051 37.04079823446516 246.1258813430135
-0.5606269485795681 46.76582292997997 0.358840506920508
-0.290095756124521 46.87179492139663 11.028011579791222
-0.958678244574609 43.94213338186797 17.837823523326215
-0.6865194809326928 42.45479217125728 27.66869039376094
-0.93866939096746 42.7621824213039 38.43167364472918
-0.2303824582307028 47.591747915176185 42.85349733143663
-0.2508962759922849 43.35192730425737 54.63870104108593
-0.2587893914071522 45.48467900471558 61.09265552231146
-0.7745216819831187 42.40759248884757 72.27946768647486
-0.9492986486658006 43.49919679195518 77.5756428408309
-0.47813344017030623 45.055113355823785 85.06343137402914
-0.834195915095057 45.631282928816866 95.34971363492514
-0.22694838750856483 44.20214745638463 102.00370801630154
-0.7368773979148049 45.038620282674124 112.02998543471291
-0.6018230899029794 44.44656486082783 122.70315415686112
-0.9911494150851118 45.194354698655374 130.6368885831527
-0.8907966107911117 45.79114714158679 134.87012496133738
-0.5843582303732069 42.852123569704965 146.74809157335997
-0.2373771503550467 45.811010798853 154.33529373455778
-0.8674107246956818 45.03572163572158 159.74713396745156
-0.9977065657465114 45.028174749759316 171.2230278877393
-0.588909901345728 46.56411557102747 178.7571623043731
-0.3346893448445787 44.0539743758182 190.22279308586636
-0.8305814584178386 47.0141238388691 194.1607623892876
-0.956914033856632 46.03945496239215 202.75911947716256
-0.9118697231166695 45.99207507202322 211.33356736128908
-0.7162161801792466 44.341162201212335 220.82298975681087
-0.8769329001277132 47.575796737858866 232.1657470697656
-0.1828362890141313 45.73935583211548 236.11471011612602
-0.48727596433959997 42.20289474914383 243.93394894962606
-0.3485364465347698 51.00363980812239 3.420817665843447
-0.19455813140631983 51.25250405353489 11.033753247478446
-0.04610192134803914 51.813041298295424 19.99967541109485
-0.1972233182995089 55.63151045701403 26.163653312997138
-0.33431845474452526 51.0706952673186 35.27418611313924
-0.9257388683512938 55.73773896624087 45.13805572226351
-0.35735005265811315 51.55415220877936 51.9845913634702
-0.9991179463671441 54.696437164260146 63.384061297122926
-0.3980241331067432 55.706109898608915 69.97664316999128
-0.7614963883104414 53.685248773602666 76.32103579390976
-0.13960875330348121 53.662655845649226 85.41256838670634
-0.20742195091830917 52.53642306027089 93.2571010938404
-0.9057805544717226 51.46387249688745 104.31687087458332
-0.10291848684500249 51.760425295212585 112.8371546181968
-0.7716486447757592 50.718974639667124 121.98630374563336
-0.32770651747931034 50.4282519342171 127.24954582396055
-0.5264925975957662 51.33276864153451 135.8017683741483
-0.4578495412531056 53.527401515146956 145.1650286779286
-0.7529646684346641 53.79608075494061 155.12985816610438
-0.4243873667005976 52.041252885535556 161.69886363719638
-0.6803532309489988 54.39656360621291 172.2828090689407
-0.3699330233954694 54.54445882150628 178.46655488087472
-0.5229481671024573 53.271862504928585 186.04766161908367
-0.632542003522405 52.26676572529941 197.21822267743377
-0.7466828742168888 50.51229106207909 206.8756241673006
-0.9269343468734239 54.72578454059077 211.12945177874064
-0.9869450290372324 55.70041913403095 219.2672796894616
-0.06511869412315008 52.49767344882055 230.2073179865592
-0.8247513642181579 50.950626435702965 236.0494346252003
-0.4192070850212809 52.627266092372864 244.6454861042666
-0.43250522860443885 62.67053176857408 2.415955835280529
-0.08635879224138587 61.21119692196092 10.868765247924168
-0.018284515137172552 62.448130171985134 17.106966388713
-0.7999110907532571 63.087443248668215 29.496041319896058
-0.5296745656144325 61.3262633897883 36.702715803802036
-0.23405431026130685 63.26269492260637 43.83273885773655
-0.5796533170129712 59.92589355682505 55.77724538766448
-0.042653586092330276 61.835455229719386 62.2786977525775
-0.6230119102553578 60.842774658628585 68.36054577067222
-0.5238363928227153 64.25403778553161 77.15990449945822
-0.8941642953286839 61.455427228872296 87.15004651733922
-0.4406811974228848 59.17909437313846 96.2126747475938
-0.9545722943986109 59.73342450245674 106.06393115221519
-0.7591472348448719 61.00809821346871 111.29733870824992
-0.5135215670046139 59.691311109399614 122.89648434896093
-0.3137057051585336 59.20971434434636 126.59554110849757
-0.29751005536285025 62.12885241433974 134.41761614051333
-0.8659429998970661 63.48391036928208 147.07659965835614
-0.05840917634978582 62.975454352489024 151.7386779072641
-0.19434318200493006 61.049825268048046 163.81446608827267
-0.5057586137316609 62.900608644645196 170.95625526440193
-0.2987112808642203 63.22898146787871 181.33854891100333
-0.8899481767792218 59.60006253963935 184.99403882015145
-0.36595811345293405 61.52809189019387 198.73817452020606
-0.27075447036808986 61.55109422923659 205.9224317012925
-0.4399241014490275 60.470460437489365 210.17178563982645
-0.9542941076998532 61.92948161326166 218.4980179608201
-0.913956334322787 61.516446143091336 226.82567331410758
-0.853454069059152 61.6999689184225 238.26186435345016
-0.7061207710189946 62.809287192805805 247.37623694395754
-0.19721127041703246 71.57827534828871 2.984418606316158
-0.31523484979667205 68.95943477162503 10.743526167848076
-0.3128443113539152 68.17413173888082 22.007283088822337
-0.5409704274632317 71.11751179023982 30.25286905964174
-0.16294254228917127 67.48821824617029 35.14502979366553
-0.38014248926707395 69.35987287524318 44.126898701185965
-0.8663750241270829 69.54382987848989 53.37535226282425
-0.17205022114854607 68.25461753586926 59.725795654875036
-0.3156065220499097 72.53209109423969 71.01165236250263
-0.09662647182864292 68.93063634019047 76.18057405426545
-0.29835601324275063 70.8810664099648 88.94959832470683
-0.10785077918525243 70.80902755132253 93.73016816420838
-0.8915845308812199 71.84749541694893 104.70397104670346
-0.322604688367949 69.63016922178787 113.94533864499695
-0.16113521504195372 71.44883739024115 123.09480189355737
-0.9142631751950807 70.36819010265145 126.2902841392591
-0.551419540014841 71.79554958469429 137.87092651698973
-0.04878383736002334 72.25679731341882 146.07122399106234
-0.8900064837703016 70.37350296773859 156.3739482793288
-0.9112079070704154 71.44448241956819 159.93171779720538
-0.5448292766598483 69.42266738387562 172.8907645073346
-0.20580848464027612 70.29586038612196 176.4718170674444
-0.42870232520896934 67.5863542731199 189.17025303112993
-0.5132130603939328 69.84109526714427 196.17475752636847
-0.7552271760756031 70.47661757070117 202.78464917939647
-0.15245038207061656 72.42510781065589 211.08805317608736
-0.21972065300882215 69.44098197894057 222.52644230776176
-0.2392582605961463 70.79102579266586 228.2645467750477
-0.5414316604568212 67.22737586710969 237.96802561295192
-0.46807501610612756 71.08138533991601 246.99659593360772
-0.2781876947361459 76.89580679497385 1.7778758219874264
-0.14485565194709804 78.852860892644 13.833808884150494
-0.4684231486044259 80.95945175635032 21.38787664177468
-0.4501722795649221 76.77311357875719 27.778968897653616
-0.5132919198293899 79.32537282261632 38.3319613657192
-0.40726043509451404 80.88994812224524 46.44722319639999
-0.972114454777422 79.44082960926131 52.58401171589856
-0.12219539145597169 78.01119886664091 61.90016183599695
-0.060835971024079005 79.78024912353243 71.99608722260467
-0.9480873493801377 80.91201206716323 75.75173192550577
-0.21420286499287056 80.82488191348209 84.18026421313164
-0.14061550551913105 77.00989874273274 96.9545729093564
-0.13110766355379222 79.19599314745392 101.21002800459719
-0.7003957851849308 76.74673261451768 114.7816706006684
-0.38684077389060856 80.67188327495676 120.9560912314536
-0.8409835934026015 80.89663669101611 130.16551753436192
-0.4584751883353352 77.26903542519824 138.08456003622183
-0.9119714520900991 79.9601563311721 147.8342596838322
-0.8814234631332141 80.09715748866496 153.66920006828252
-0.6172095035231046 77.95163821008593 162.18522056111695
-0.8327662205009064 80.13993706861307 171.89412510453062
-0.27458618968838067 78.87347713981268 178.73178294749425
-0.9062134850107844 76.60241395424067 188.8678586194002
-0.2503639664171108 79.23097802576525 193.269660710703
-0.2141118714591822 78.5816550558211 204.44750056041002
-0.598319923289909 78.92961615587187 213.6279240580676
-0.5810884991558825 76.4550864097253 219.32556009941885
-0.01846126048126484 80.22371629871087 230.71914929945024
-0.7892345357894534 78.14382423321385 237.01420852257866
-0.004236152088278877 77.3007710720805 243.90408658838274
-0.8531532202624655 86.51211294259626 3.1662579633593673
-0.49712142721087926 89.3251509670235 13.500483517401733
-0.8497959925071271 89.32811287107245 17.339307214099524
-0.26687797045396855 84.35811827192484 29.045756898914668
-0.691404260479769 89.59437500007145 34.21627507890532
-0.5422201546241866 89.14806637771783 42.76926695042005
-0.9607553259066827 85.22910671360478 52.49592959116419
-0.7643912875118063 89.13255861113463 61.50658250116597
-0.12036607025139734 84.01498048467924 69.41271405647967
-0.691738667281573 88.09401423930997 77.57547561644881
-0.3858242846904745 86.19406153283778 86.77897758225137
-0.32579126826399785 85.74149760311349 97.48215942004654
-0.625997311018582 87.85699539416547 102.93846965733405
-0.33596478380379147 85.42528271912799 113.80622973204945
-0.15334253478821358 85.34808613908743 120.5929391611439
-0.8799162601218301 85.29887854968932 130.39646369709388
-0.9902530296064488 88.36136731381171 139.80265016584892
-0.6860676184481478 84.733514696734 145.28572512979665
-0.21628998327002014 88.8849332766167 155.75658926860612
-0.11216140734929214 87.97419288193757 160.79646655759862
-0.5887929809491744 89.3915943562824 172.89478765980058
-0.9054112565971862 89.48451449600111 180.60997584429776
-0.042454337067108106 85.69469080941178 189.25826599415453
-0.8922618503743465 87.08349455562845 194.01111645865643
-0.386735426983172 85.3512965121257 203.54662961903156
-0.2929059471398483 87.85691503792722 210.7184959041975
-0.9845524376810214 87.08671167293143 222.39873624613625
-0.7115822944936634 84.59406718871308 229.9740631842843
-0.39511254359723824 85.2103695516708 240.51658296881968
-0.8737603508318208 85.99166763468423 244.78498278921924
-0.7642037034344067 93.60321595827087 0.9808555738900309
-0.8550517770784403 95.50589753191677 11.617310419209439
-0.434133219958563 93.18483826383093 17.10244991462435
-0.41884080033063786 95.31663345660701 29.071306873496106
-0.3274715603402649 97.92945644715685 33.9144556947012
-0.49321424347579523 93.0827665703516 46.237097424069034
-0.41210407231762836 96.00595122329602 55.581911822918386
-0.4819390014652227 94.54544025722744 64.01640252205044
-0.6939221617476199 94.36348391502241 72.46742609380553
-0.7617210639229596 96.10788433248987 76.1746754162965
-0.8174679861259042 92.63202976865193 87.82021283899763
-0.3643952890290252 96.06998860704333 97.45370274269172
-0.3120804381371588 94.34829814171918 103.7666506518341
-0.8562885305895235 96.4869684406607 110.95438644186243
-0.6402085519997779 93.55778254352009 121.3712558760115
-0.9653902262074862 95.92048883824609 131.02416349268327
-0.09974543086597443 94.15340171955167 134.4762659895348
-0.7291440044426752 94.69774194174914 143.7926169779263
-0.23744163091856785 96.35043815360133 156.36043427041102
-0.735595914883713 92.84853236096438 162.0141803979783
-0.3941419247373169 93.5558135248798 169.33825245870852
-0.01580074895984407 92.89171839819947 176.66490444602394
-0.7311085613245187 96.51595695035239 187.0317169345621
-0.6451244485369022 93.27872297798307 193.24888782003475
-0.2601038313758963 96.49137890971629 205.23900037543916
-0.14577967006710602 95.09945558579803 213.44503779512888
-0.5102524353784669 93.18421539812014 222.73479300292453
-0.6650362730270296 97.99682074681182 231.40355385899878
-0.354438221182802 95.947877771009 239.3816066755162
-0.7213357960143377 95.3039635300823 244.97436493747836
-0.7294893103556017 101.14611869138632 2.437656116416252
-0.596533567552453 102.14190725272674 11.085945833229847
-0.09715642038196615 103.50776572183328 18.939273092090804
-0.6216583677517641 103.66532307536703 27.05653876678473
-0.027798332038345364 101.84060995937031 35.21857751312828
-0.4111847228845833 101.31039642887826 42.43695166504624
-0.4852646999222302 102.81823061047025 55.113329436165444
-0.5104523519898745 104.69142769146633 62.782735721588324
-0.1349596532736278 102.46826367531007 69.79059194651659
-0.9746038029773519 105.16167311466324 80.88986642956674
-0.6200480364437468 102.66116509645661 86.29118020698702
-0.48726674735786757 101.39667573830894 93.28469399165994
-0.13564077367552518 104.88106123590781 102.10355136896571
-0.1821758922552964 103.57426931281994 112.95929194966187
-0.002779832624850709 104.15186758991891 118.10375829686075
-0.7595052132974183 104.5037240979526 131.41404709341396
-0.17476850962899848 103.01914512648118 139.61941237446078
-0.9131451129459153 103.5245198518066 144.65106204645414
-0.1016549836684647 103.44156455879306 156.45010933514695
-0.1289299189908656 105.53793940315298 164.32866191534566
-0.6479333645569687 103.01881406684045 173.2570936845591
-0.7223431468187027 103.16586722945794 176.94746895251285
-0.5439217771240079 106.34539186907003 187.79395892068652
-0.3663866708544836 103.36177369091406 194.67911324174278
-0.9846896656370686 103.57374162405135 202.58257758527313
-0.3540621891248307 105.3490156004833 212.11705214297112
-0.8399667872696074 102.38502342036212 222.13048123154942
-0.7349178862598246 102.80918577366027 227.02439019997885
-0.48880078763550106 101.02385148440584 238.95326343027352
-0.6100569346729957 102.20388110771871 245.23837884612146
-0.38140362362783187 111.7191737570082 2.6126420681514673
-0.6145970555777189 112.85565916021673 13.558176787478912
-0.2558522721533062 109.73350138325615 19.307335974451103
-0.6362849361885232 112.54924182561906 27.007872744176176
-0.15577996748706247 112.75219858711428 33.90399215207974
-0.9536729483518044 110.2991952477173 42.67120559384238
-0.6746766646476661 114.25070541230369 51.190502931897385
-0.44745504902224886 110.98680880497565 59.7285533985564
-0.8270948096806653 113.88339777340732 68.7389688900255
-0.2951714505109546 114.11975493008006 79.85985008059386
-0.9700289367440301 112.38781950627602 88.90996659149312
-0.20856989194268116 111.91190046744525 93.1854345411579
-0.43228142484745313 110.69328946395706 104.29831830893254
-0.03540601971936308 114.06099914077672 110.79929476116021
-0.4598467700414005 111.09233493058755 122.48023924504776
-0.4822409565262652 109.46310509424711 131.3268114601181
-0.7602635744765266 111.68708060243705 138.03689980254703
-0.3237051008985532 113.07076849655195 143.33522739137885
-0.30598102559930807 110.07675396405149 156.1529223197472
-0.8618783061325973 112.88696260861082 162.45227171408618
-0.6939999132997325 111.00509720139432 170.38279988862817
-0.8178426874176205 114.41685368137664 176.6782662305601
-0.1550765975383266 114.78849146578294 189.52179512408327
-0.1436776720465518 114.55917927602485 193.5390099846254
-0.4524354817010934 110.5763200099823 206.89802158212717
-0.8002529472123254 109.97902134354132 210.5411472324831
-0.9554792287078855 114.49433459081911 219.0960580176705
-0.3270668441206569 110.46977031474479 230.24993905128724
-0.48637652496456674 113.39354806351406 240.3892066629961
-0.4602544994512672 109.50284962433807 245.38949047107093
-0.6219259775003534 121.51444881817804 1.9116487166561833
-0.09164217970504751 119.50709914198298 11.469954135723372
-0.5912555308967626 120.94713911733632 17.82620502672812
-0.22555662141856725 120.09280729186173 28.184687698629183
-0.7500107211007592 117.6443681039913 35.89717120586867
-0.6957740613616771 119.54106364355064 45.05598555407741
-0.40598146101288013 118.01913216431281 54.35983859329087
-0.42507692893203197 121.06312921488345 59.40885639091804
-0.06110031803736071 119.7530519843052 72.66863089265917
-0.9980160408161265 120.57357522438005 76.32115399421215
-0.10424845072003375 121.93179690936945 87.9330122786894
-0.7594117389543371 119.97814334425821 96.6543992275369
-0.3321540578614043 118.94857916282069 105.03462467489594
-0.3638839484839719 120.04315762122859 110.1754141603264
-0.8296731693610049 119.938690181964 118.78163462176832
-0.8503280231384326 121.88013450768076 128.2546445637432
-0.5967958081751432 121.96858367817896 134.44125498758476
-0.15299848267808303 117.83893719297075 145.83862801018117
-0.45881120014349264 120.91740083851508 153.5287406618083
-0.7978629683547747 122.29247774168392 160.76364123403349
-0.3320317076680632 119.91563116936119 171.11317959246634
-0.7793633241813069 117.86681581925671 177.07029718711735
-0.9197252815262346 118.93782906157864 185.20578527849906
-0.7612134763428702 118.80723129093158 196.10377294000753
-0.08823233334919578 118.44597291993826 206.07441339141803
-0.8905705683594556 119.08977722032054 211.8395181341393
-0.8931342221188875 120.6476982289841 222.26457756611416
-0.9953774974124656 119.6712537821375 231.45065283364204
-0.37443425643850725 118.99960114040321 237.49284281146808
-0.3284997629529264 117.84636710859628 243.7463612134189
-0.2802130668405851 127.36193150342974 2.414674234144158
-0.40406725432951385 131.06710050334596 9.904956304440864
-0.24309623958264748 126.54832384822602 22.35709547123823
-0.3830562870629892 128.58685088740788 30.383579530377457
-0.8054070768494159 130.05127994809519 38.328127286552245
-0.5740546413877421 130.66337144012905 42.154642844574
-0.36546275124675387 130.59189443467108 53.45977118899077
-0.6513869890582636 129.421033235185 60.60092118870076
-0.9469735581817078 130.09637633452073 71.78074018417986
-0.8847222984206046 126.63415240520672 79.95010849043962
-0.14089491332132964 126.31631826930486 87.66065747565132
-0.44930976851300375 126.79376166158592 97.23233612033776
-0.29147792885825197 126.88758841232232 103.1604476207599
-0.732774652575294 129.51056366118777 112.83454426779342
-0.340184381586385 127.88511014146695 119.4236899168986
-0.9842449937375001 128.60464272082174 126.20630224875137
-0.687836775431623 128.75482149967738 136.61141920255267
-0.8863357112394532 130.39689082142925 147.17111256846388
-0.2953499602608656 131.36906476788502 154.462093285122
-0.8759860952045312 129.58566208598128 161.9247144820773
-0.10927544261445765 127.95079112701319 171.65233976648435
-0.22146926873185913 131.00260127353792 177.9187464100316
-0.9383629632458 130.34747503481879 189.30491603292023
-0.05119955910079477 130.13786097024052 197.50808709044458
-0.4627305244780626 128.97645140584237 201.68044678680067
-0.39004812313049775 130.26436272437903 215.5981186748844
-0.7509500683914231 131.34684499280175 221.83627998757382
-0.9302070370033378 130.84139052073246 230.84773354467
-0.2158433360620824 130.36080097106714 236.35018819102942
-0.05186916177421108 127.90002957963735 246.29394010319618
-0.592026475452599 134.97578792245358 0.05560325472485186
-0.5933552191758551 135.9055526326195 8.793408042530492
-0.6205887910536301 136.55775562427914 19.390179880192395
-0.6491819972822329 134.59922322683994 30.124772580969665
-0.02993990225140508 138.06329515411826 36.16104815033519
-0.060222195451132166 136.29058189083656 47.2368698169779
-0.7863044706422747 135.7563485530378 52.913607480812026
-0.2495645852476409 137.8528357519304 63.554463167832154
-0.49186995180340953 138.785940703794 67.30161410122355
-0.1004017895098761 135.39431915182627 79.50632764252973
-0.03247836588602171 136.26929024425942 85.62356595295066
-0.7954656245062806 137.19226168641006 94.84812181368339
-0.9950216349350078 138.34918836076525 103.56941167929172
-0.5763073559363774 136.74975353723957 110.31490935747622
-0.39667749005155806 136.72543760317774 121.05802062914836
-0.5257112909103648 138.7329667548683 131.28859608779666
-0.17538412283355043 139.9430951515969 135.68031042465554
-0.5969047906780913 134.7656887231167 144.03053413162317
-0.3793622490917624 139.50146069546858 155.53273334177322
-0.7872634093202192 134.41796693416342 163.19595921704865
-0.7502891347245327 138.74323351210447 170.09828211988227
-0.5336512855767472 135.33160171889136 176.73446351512322
-0.02659556753253245 136.09502509314297 188.13950518223064
-0.006666324266121126 136.5269221884136 196.63654983333652
-0.4655281409818508 136.01878062922688 203.90348109982222
-0.17091005546878157 134.90611874583337 211.51069358686
-0.6706893104770718 134.61555595658308 221.86991640106012
-0.7584285790019432 139.05028145910666 227.6460636818991
-0.8843476857455957 135.48156156202003 238.71738788828984
-0.893270851611653 136.37460238337445 245.9257684835353
-0.20872787660933367 143.19129896681045 4.886132537221277
-0.5559958405140469 143.25779800625 10.45474820165412
-0.06145423191057098 143.88879534952525 22.10848056692781
-0.31575337946247284 144.5221372669637 27.501197989781648
-0.6132967712600447 145.93821613386413 36.51516431147087
-0.16639057862975226 146.24468699326545 44.04666020512182
-0.5096551558351524 144.87359245351013 50.61753252898643
-0.5404238883630145 145.17929648249373 59.93643823695782
-0.5077318683964037 142.80791713998752 67.61267687499115
-0.6760144531917842 145.3598379191562 78.61083591187327
-0.18824952839287212 147.21571460206914 87.70991452971539
-0.26151653843639733 145.5784240991329 96.54806855013292
-0.930523976297701 142.85520446341457 103.93374128075635
-0.8350858791018363 147.679099612732 110.70362580311068
-0.9400604644921454 147.85284607706603 121.31704707650077
-0.7413427146177752 145.23774679519843 128.83891568946703
-0.8590212884547964 147.0977950957683 137.53862386027885
-0.12402700671043743 147.65998137105208 143.08276042347572
-0.7596539741566548 145.07776093208548 153.90094684594146
-0.5458982902311931 146.66728539922872 160.17464155100504
-0.701663391867479 143.17415729312762 170.96070400446033
-0.8157977347067302 143.70674745693327 178.8198246568621
-0.3607073584006162 145.2144662707723 189.34866366300068
-0.7810300360343262 147.71224294616397 198.62228650366256
-0.14757480622911234 145.99354406931312 204.99997703437245
-0.37679123860426456 144.63715540500377 210.46533620958365
-0.8669494967752162 148.18160612622282 219.62270407676132
-0.7959590519560604 145.79408626523878 226.95125404091
-0.8905723457227384 144.9199188147652 235.2166547726324
-0.276691746873694 143.98131493193185 249.00094477288357
-0.017870614266227824 156.78399224084868 3.428813371232285
-0.6933769631647303 156.6413624928952 9.966720734810085
-0.09264009384691863 155.16627974688205 18.98106278758913
-0.16980697888555885 155.18075920009352 30.463455438370428
-0.3851082638655068 154.55692579273358 34.19722210951233
-0.6114193063185385 156.494287811285 44.376182696260436
-0.24608919590525014 154.8651285590497 54.35099515042872
-0.06578988588169854 155.24053419443757 62.10347353267548
-0.9542048046290891 153.59034277996602 70.44501925801076
-0.69248232415775 155.25647393727266 76.3723884848541
-0.665514391647691 152.37958120372775 88.98688723942358
-0.01703543181011591 154.74637289405476 92.82078119811524
-0.32357482608676347 153.6768051982329 101.63704513823735
-0.09373179961552458 151.58398179417375 113.38315659220972
-0.4754753363950295 153.29305886095761 123.1441415680563
-0.2848206940477854 156.29836588791932 128.6713838845233
-0.7699238466120054 152.40289721467985 134.53320243182907
-0.1207881797310606 154.1123190275077 146.17241690715966
-0.9896875211321502 154.097445543101 155.74863176210184
-0.6716898888120081 151.68779244493592 161.23050268298562
-0.9333443763587008 154.65077547726477 173.27639857320725
-0.8780851269790638 151.71089429714846 180.64451702957803
-0.6207811472784299 152.03025197106666 187.74489831512608
-0.6455190532912285 151.7790718040915 195.1233195302933
-0.05541459386574277 154.7167957535992 207.04759759074085
-0.144235304102163 154.21668849080993 213.56499811821732
-0.6292716820418855 152.5601097754502 218.68901955351467
-0.7253637270425388 156.7221375744269 229.9273518400697
-0.6471616671286526 151.4657165071658 238.74602093760993
-0.4429306950651336 151.77909492692956 245.35299805932763
-0.9776969523985364 159.62656728103025 2.8447137323004292
-0.8456383608483707 163.5223362259681 12.920548941238037
-0.5411434968571683 163.2975886384716 20.657488526425702
-0.819899736434627 162.1582324228009 25.81695802253107
-0.9635747646791164 163.87250422282636 34.39324603483431
-0.9148250555845189 162.35363024577038 47.58981588165432
-0.07625815701004035 161.322008161657 52.04760264677908
-0.33253545948230734 159.80668894593524 63.02992366781634
-0.45826262845832044 161.16683462351833 69.11241166137636
-0.6135362480642685 161.37892703501862 76.1648275637169
-0.16357703388666045 160.6834358344506 89.19863701356739
-0.2603650492660713 164.8147536855444 96.1887671826343
-0.1431033156313627 164.9824000016306 102.79333289714943
-0.35737316389329365 163.1021804401739 113.18238613304786
-0.1330161304171008 162.19390029671027 119.36348653906057
-0.27378361539701124 161.73862633566517 128.90271959390572
-0.21497739698572205 165.1018511461681 135.84483283469712
-0.3605592446676691 160.8048840142305 146.85555787433458
-0.11544649723430533 163.8161687860498 153.8525167410994
-0.9909235668239706 164.10872866530931 164.20499541817142
-0.03518859708623889 164.7564069950902 172.81086190066972
-0.09240489061111234 163.75736784487614 180.60835798510453
-0.19371921449880525 160.08041388460038 185.72674864925077
-0.21706642795532216 160.72414257420712 197.79928919036954
-0.1159916543037467 163.04233225756337 201.80035956955172
-0.41056432448079483 164.29444849859527 214.8450100877269
-0.8376645728036735 161.35489950567882 219.79967993807514
-0.8697894809243305 163.24959680127776 229.0999753841551
-0.274443899273049 160.94730864954485 236.56449891728113
-0.08085811670014398 162.22326650327105 245.34949736411045
-0.8395850405677395 173.1011017469505 2.2956149186457617
-0.5339477347795678 170.05781797849994 11.62513770542292
-0.8051309065681722 171.91311618236537 21.967744137320594
-0.7090494999127753 171.59214836435294 29.67291922647593
-0.8375883793122643 173.2733856833821 37.14138662656533
-0.08636000951850353 170.25425813352237 45.13396797665102
-0.4514284785746241 171.86559154547422 55.228876013830266
-0.7679502935626054 173.10750606730082 63.39544571965054
-0.2331241469919363 171.55414786942265 68.9453539412969
-0.24631919405941172 170.67479058047297 78.96753077153225
-0.9214736411627116 170.8264425102483 85.63334779591237
-0.8450372841299646 171.23774841203922 97.90511046992818
-0.8026660151282474 171.720471170702 106.28338629961131
-0.4519981188328591 171.84503309280882 114.09881828553581
-0.3024644675293563 169.96703639219328 122.40770651634806
-0.3103789798131651 170.0226443262604 130.24284986380775
-0.23456846385837227 169.32976163658768 135.59713172363658
-0.38710934223774596 168.3958180875958 143.85329167218688
-0.11995631932125561 171.10892027796996 154.70842140893635
-0.5168649405100584 173.41321690312506 159.69101865047756
-0.30345714098403864 170.5990373305537 170.02770121660777
-0.6153306667632915 169.7795169161724 176.6154191456022
-0.21526105661846717 170.24602824848037 186.14028045208124
-0.5274751117829544 171.303996279293 198.0024972800503
-0.6118991694762336 169.41778662784137 205.90622263294946
-0.18311307789919373 169.6349334492766 210.58229425856058
-0.7373532704746931 171.15334905917774 223.66306506392908
-0.059847366336315266 168.91660078758136 229.43813224461758
-0.2826655664589385 173.33331892958606 238.57533432570625
-0.9288443235381911 170.72262609325426 246.45682948139853
-0.8614512957210804 176.40808404200652 2.1638250912891155
-0.38717018484617716 181.77425410641288 9.56770674180943
-0.7854479514528371 177.51101953975936 20.348627922419816
-0.6163326749505891 181.3651625025204 29.52610449374542
-0.6854791415117835 181.26318745330886 34.7232361078901
-0.5823443173444134 177.01262993363719 43.41576667231198
-0.597812900426174 180.21678986207655 55.60712046789624
-0.35843735882339756 180.67862095630164 61.93744190013528
-0.1384982181699822 178.81597740973945 71.17207453248658
-0.15605900918682858 178.12513212222075 76.58851723052466
-0.09756152847801614 178.7255253708236 85.6552505993887
-0.39170339347625815 177.3023293966379 93.19915004632064
-0.45858850735777223 180.07528368740617 105.45881913324762
-0.28286825417124484 178.82621598423233 111.49827321392917
-0.530482710406557 179.87064526575088 118.52573170762766
-0.23831850389916154 181.85933486878676 127.33275850755773
-0.7866110574978781 181.27544804694304 137.30212600343532
-0.23667687024624284 176.74051870325886 143.31191081947736
-0.5901482162863153 177.51729937729635 151.70264204413795
-0.23463054878881529 180.16427897780116 160.30363842872202
-0.9400134367950159 177.11957077102142 171.68711478222974
-0.012164213685638359 176.6521973768171 181.65321084242666
-0.01724975930062911 180.47136378153206 190.06959984593206
-0.7480195764566493 178.06819463163424 197.5759768330858
-0.8688129136432176 179.43615452427784 202.07419846875013
-0.07120278934805546 180.41996871737754 213.82924712213833
-0.7340671241916684 177.69517436857362 223.72326497448702
-0.7360058823971887 180.31056713123897 229.56929656270023
-0.6515425753891456 179.23205627718144 237.03802601074682
-0.5642663759795663 177.5351707441186 244.15051986507711
-0.2276110065957242 187.96222094066806 1.2664600469784375
-0.16693103417940613 189.8797124570638 12.031994525167004
-0.6584298203356994 189.93219800781037 18.751811547006984
-0.9782394018102105 189.75096846323663 28.640398454162984
-0.15665082168869293 185.66113774712804 35.06464536216858
-0.5353461128560453 190.01350457205723 43.75079864288673
-0.1154776788857238 189.8656754780494 51.041807286989204
-0.7001517427828534 187.9166533169317 63.070793965334474
-0.24280017642179919 188.22114846423958 71.98231562486595
-0.770393759771474 189.32718718113017 80.63426175655157
-0.38250303657876195 189.7828661727652 88.64596982447841
-0.6672273725468438 188.11328050091464 96.82424471786133
-0.47047700345681376 190.02696299924187 105.36558539150775
-0.6945899241585807 187.18514726968087 113.36392615702553
-0.9390417808575956 185.38502077251485 121.97886706175645
-0.9686811263055525 185.76174347704398 129.03737870822746
-0.01788413950711809 186.687484771958 136.4113641900972
-0.08031813800613696 187.78400529877672 144.67751721461968
-0.5570272519061638 186.26710316348286 151.97241336505022
-0.19516982258087523 187.82642908728687 163.43971159407027
-0.31214901516144766 189.72867370523988 171.65552240290964
-0.37826045398848485 185.42151055289338 180.46661828308712
-0.3306781214065222 189.37759786956448 185.81333592937054
-0.5820727036109171 190.3992468317315 197.6042225005698
-0.8412976831649157 186.52889160358788 205.57229701697813
-0.10809219808117843 187.78981537740034 213.34028555100372
-0.7851046174308957 188.51579424103727 222.74267951534426
-0.016339093607610322 188.9612644184621 228.24376412703924
-0.8342485026533021 188.05821417698084 236.47355592034344
-0.06145983136536204 185.20861073618292 244.28203372678212
-0.7115368289522566 197.21758790440825 3.4316646766007977
-0.44685125708727425 197.3917783879414 11.074848934643796
-0.4214728841107529 198.19310245330783 22.076259300471072
-0.28714167450676586 195.7119334542917 28.273444825983503
-0.5628030446345966 195.0473207349865 37.71942345749797
-0.7166267346141074 194.22415579721763 46.976742994845985
-0.7769634096783324 196.44081328209515 51.068619125674765
-0.15579519400142572 198.26935802378014 64.07908998149827
-0.1627619276525667 193.29546902922672 69.23994765380677
-0.49293556084705814 195.61877590916203 76.06498076208783
-0.9981263182080772 198.20164938318155 86.33672857142963
-0.21871697757911812 197.11173832832196 94.75991687897476
-0.7015407596124499 193.45527233904747 105.19598834477982
-0.5972714380850541 195.44117055203765 112.77472707865621
-0.5172737226663873 195.5759056989666 122.86236897919159
-0.07293980009103562 194.11745047528993 128.55537414154097
-0.9135204957325845 197.7464148648944 139.11412316565878
-0.7835603648569827 197.4317483775884 146.91074697711915
-0.5200898149921762 193.64267230345368 154.64964532627755
-0.3169085868692274 195.754246370371 164.46464376071708
-0.6610549657007725 197.48154907312812 168.8452668599088
-0.41139937093488654 196.40154361481143 181.5689451302958
-0.3127973525577158 196.20706238430267 189.41029861132773
-0.18339880343173498 194.27629131448225 196.14270259696028
-0.5511509145154165 198.48197077428281 204.47427134884595
-0.21457080791303884 198.2093346602683 212.21118632384977
-0.545404829062353 193.6109846860427 220.1608473162276
-0.528619364350039 197.66014410222965 230.3516131790796
-0.9757253771610874 198.77362651173655 239.60532786105526
-0.9354164352632353 196.69890159463446 245.40074699193295
-0.49295444288035173 206.70596369053604 3.5768166839832696
-0.956968713627872 203.72301857818863 8.501054586581871
-0.6339623536407482 202.02441634880054 18.877175194172604
-0.8506064456206949 205.38113429310812 25.449503536540067
-0.5037793738418846 203.5106348550482 35.400813826710355
-0.187552464370758 203.123045717275 46.965625248180665
-0.06759084266551252 204.4492038831587 51.41359426289837
-0.5478304253033381 204.37132939521203 60.56975123484508
-0.24898567244466163 203.69314754814985 69.12843028107841
-0.12356636775639374 204.85458620729545 79.95106019583737
-0.5231745909565066 206.1304028141807 84.91010332034128
-0.8284530615744635 202.7781698889681 92.71533862469707
-0.828589957411385 204.50415258314933 101.98253658259028
-0.2461662674151135 202.74090852310647 109.26662533500178
-0.6083779080470851 204.18244884498392 122.08305227068595
-0.5484315263469856 205.8108181193164 129.2580517029715
-0.49911619265573737 206.2976704425901 137.4488662623919
-0.25504286454764913 205.93727647942453 147.1258151152124
-0.027839210335135034 203.79961052046443 152.4409339108103
-0.01332552573347745 206.02614555903332 164.33120830239028
-0.9258875005248014 205.39291906515325 171.1435838579841
-0.905628276918773 202.3433541233709 180.79418521088525
-0.7730606999794571 203.11317114151532 188.38522222097782
-0.19240341725428578 206.62736825277312 196.86497657223052
-0.13528414691635393 205.3330241829989 204.07701963265473
-0.712288499615703 205.54632066844349 211.96928709062726
-0.24843233462997238 206.1219029585342 219.37179588686234
-0.7025504593930995 201.8859321916972 230.81914377052178
-0.34131015534854725 207.05282307032513 237.5568286682156
-0.8482929915482038 204.24055106318315 248.34917317422818
-0.5648546378118549 211.00012805688417 1.696733155903615
-0.7702057343249274 214.04700538500938 13.325800735650992
-0.6576761958200641 213.6422147094914 18.662672479663225
-0.3572595993174208 214.45091206563814 27.31670739087046
-0.08685686393506697 210.31484789028661 36.17005978245197
-0.13614340258926705 213.99138190761997 43.1811048287286
-0.10918255454565207 213.34774439821697 53.18577740737923
-0.04594074527013037 211.3143282938392 63.89054278252897
-0.5927127894675918 212.56371227203292 67.52641981121404
-0.9492445928757431 214.85898147853578 77.72843581118592
-0.40372702638210745 212.77500114359444 85.18918139230641
-0.8123454543222866 211.2391965178733 97.97895090832549
-0.29203419450211754 210.80270202626676 103.9457213831018
-0.7769038539249946 213.1230548815346 114.56558165005646
-0.09709788834721322 215.02049615306277 120.70639764174047
-0.42902590311152355 212.8817025060438 126.21818717053242
-0.05219356874406966 214.47073530005085 139.46355746567298
-0.7370715043217304 210.0125528521836 146.41669107728842
-0.0676760112296233 210.72852057237972 155.2844491799543
-0.04519550634156866 211.34585223617813 159.9588509039442
-0.5803202308147899 215.20073652087788 172.61558175650202
-0.1541107113628032 213.42771211622212 177.1196177879802
-0.5596624128584635 212.27825469915254 186.31252439146706
-0.059865099434823876 214.2720558763191 196.12731480431006
-0.23737965451074572 214.09163677770056 203.0003202716798
-0.3849604740721324 212.94802181885922 215.58963572620462
-0.47755322501926933 215.59818235231995 223.1385978508644
-0.14584509904273646 212.88681620255528 227.11881059093616
-0.14818133772512943 213.1890112238258 237.294489512699
-0.22462448687717684 212.55975251017983 244.31886752265433
-0.6347430958823576 220.6933345489845 1.7812524428508705
-0.4329720452531506 219.01597350265104 9.045040800405932
-0.007914601499939167 221.53220148086243 17.834191440256753
-0.4676106637190317 219.49654054813533 26.923718177692514
-0.06235913336467369 222.37102322454794 38.76157268040067
-0.5785867456310843 223.5465531623086 44.0036966012039
-0.20309728302818497 223.4854980645621 52.17628838091402
-0.10699465493499516 222.77444158197463 59.805101236331545
-0.1930517205658192 219.01281473161708 68.3853480720355
-0.7469659490093634 218.91341392461723 78.72473897259908
-0.49641477881317586 222.6495248475326 88.59272103733176
-0.44512829984945335 223.71052055383555 93.70610551571457
-0.3006190097237048 221.652765252769 101.96969614819528
-0.8170831996056106 222.0895966291784 110.1578063399404
-0.6296548147770549 221.23003867122208 120.48045889713687
-0.8657383502887019 219.55944630513457 130.44015950855325
-0.9174195490984727 220.97450613449752 134.4090146284912
-0.6226560252143468 222.9341009776343 143.43619504649467
-0.07496141350516672 222.41149340823563 154.50945074329914
-0.3256016496980124 223.29004160960105 163.61281365270654
-0.600997679329397 221.885900408926 170.80861088033308
-0.9370860315327517 223.02691921123107 176.46488508986104
-0.029903060808573412 219.11931188834598 189.240363919959
-0.10267401849455537 221.09014743325596 193.21066759546378
-0.5877314035999187 221.88351168534135 202.60311220957496
-0.49094814678956167 223.67087529666955 210.49677302548574
-0.9349808582565282 220.67826424126704 223.23332131214278
-0.04709730880785845 222.58087637222442 228.59871493385592
-0.492544893786809 218.5228558283448 240.1727331946016
-0.9873515700139605 222.32124463508774 243.71757548991414
-0.38004241169083985 227.84531656169614 2.648927903109942
-0.25420237452097516 228.82714309727473 9.364074006781973
-0.5411453989189747 229.37860356797526 18.528283601638822
-0.79303767369482 229.76994993518284 29.542759458647833
-0.8644648915044489 232.21237313807026 34.877856723470664
-0.275627000972241 230.51102440698017 45.30390837107328
-0.7558953412688308 230.40197004731067 53.3046009520432
-0.7545059568549886 230.64775315067962 61.61921924477628
-0.6272798464113675 231.01203905215573 70.02699435729346
-0.4891307611385568 229.5901646982922 80.35114526814353
-0.6293305701772373 230.86841571534436 89.35167820986035
-0.06593522483754677 231.89776629827327 93.47019975826281
-0.7859380104576991 230.62309317637153 104.12326443858433
-0.4084767400644995 229.30347826594294 110.16340272042831
-0.5694673795941357 227.0215914251357 121.8949393065257
-0.7983191183650334 228.8156309513993 129.8505601812306
-0.731839486603861 231.57989148108004 136.21275547004595
-0.11780767504165601 228.38254635748928 143.9356059977419
-0.11406049652007932 231.4220141898527 155.4065961005213
-0.029365538145598946 230.66653026428563 163.00117556761023
-0.6884017204111307 228.83140863258552 172.55116687101855
-0.8173369658814086 232.24203396363117 178.9170941628367
-0.8490831071687567 227.32757327087012 187.2298753196454
-0.9122424473952228 230.46258899410415 197.26218890991902
-0.5887697342796528 231.9342194553354 201.62538939498114
-0.9389202774555693 227.3247767090882 211.95127781435974
-0.23921228421744967 231.3421986831183 223.26530699706035
-0.9550279595359566 230.6718082019904 227.7547268147248
-0.019264231220828543 232.02511663853403 237.22429668628698
-0.3477223795784493 230.3208569058088 247.24212502656937
-0.6121264404772141 237.77072165358967 2.546867419362428
-0.9091827500183898 236.6328363696261 9.999530888624163
-0.28130121674483255 236.40659967871517 16.951817006353636
-0.6852143013805695 235.41884192236034 27.912497163213715
-0.855479773955489 238.69734061203786 38.69226297676322
-0.47238057260647204 240.42807287227572 46.50853265530294
-0.726968950712927 237.18420795880013 52.44922336898319
-0.10724669190601233 236.59189119505913 61.21949993403715
-0.6971423369404269 236.7104434341025 67.51758048385754
-0.8248919418262661 238.5731876475633 79.78987767061084
-0.001374343608855022 239.1297723954199 86.74682013436578
-0.14643496722996652 237.53191035469902 94.6294559253605
-0.8233077112502108 238.39584971136418 105.6018937253004
-0.4504369856121616 236.0636989556067 113.72445031913058
-0.07813501633752518 238.1873158790542 121.10367877543071
-0.10766518330761254 238.14732510515796 126.50706032477515
-0.4260958036571333 240.6516219837956 135.97803736953753
-0.4658557869239732 236.597984203166 146.5988215246849
-0.7827122915284279 235.5889497155566 153.33537849058482
-0.6759982874929067 236.88375933722324 163.92267740565458
-0.636029439126521 239.12886266183583 170.79928359219696
-0.0984317925576137 237.90356361264327 177.976850946283
-0.8640281409372733 238.44480877819322 186.05288686750575
-0.6228797697647451 240.62520758466084 197.4764517097982
-0.282605222454102 237.97618070663873 203.9140245223613
-0.03856638435938431 236.4586067027283 212.90608944263886
-0.5991703504088569 239.91600374555222 219.7756938567123
-0.9347937295041223 239.76485875308296 228.98713995975314
-0.9304395020426725 240.50827004946942 239.57363557430318
-0.45808380534156523 239.94824445287583 247.54449744502213
-0.20349610157701836 248.38787994855426 2.798933283552907
-0.013353746450851856 244.73018937970627 9.418925707850521
-0.19697419115239068 247.87961048901593 22.068094073517667
-0.3187710791464864 248.51706654837753 25.48773263411191
-0.26356455382159216 248.2268361560283 38.361072888826705
-0.7464545164908535 243.9816805438487 47.50049633380144
-0.903006489358714 249.16600810514097 53.99191770876697
-0.7819384172560605 246.8223923874961 63.22175907362201
-0.7129466358757796 245.8939074826389 70.40440589325381
-0.2936312811876417 245.9461423116292 79.16042710606898
-0.9716609662845432 245.74663510296583 84.0471146722339
-0.7059024956397966 248.86123447572368 95.53551674637042
-0.39620609185717603 243.69701310462455 101.7741705168967
-0.5992335311963162 243.7530282897374 112.2077663645898
-0.9091201020219427 243.7329793711891 122.41412534533761
-0.6711279183352902 245.99919970758933 126.12454331417469
-0.9088644632191297 247.917510741055 136.49905508090896
-0.18418451364215938 244.58457112830942 144.12288598700684
-0.9591125041698982 244.47229720891573 156.73774215300992
-0.29147946444656025 245.48828414389644 164.01807994765204
-0.9503180821464076 245.6914936317875 173.17440657737757
-0.410492569462959 246.92329913810465 176.79482313360324
-0.26798036778492496 247.2172555159024 189.47042680892073
-0.4704362429560156 247.07727602112277 196.3528586312808
-0.032666575578317314 246.61638281992435 202.3897332198534
-0.07047601824383098 247.78580569549027 211.72183361481692
-0.274680166815105 244.76972054139006 221.8490355472034
-0.2860557054435042 248.52026488487064 230.9996752272058
-0.3085663362829728 245.63636295625852 239.5899725946175
-0.6767401324825602 243.98597443607744 245.10369682032677
